%%%%%%%% Experimental Data Analysis
%%% Experiment data of base line activity (200 s during light off)
WTWT_MS = [25.74821853	27.39890124
16.52706588	25.9163684
3.50543818	11.93101112
5.845730716	15.40425353
5.400675084	21.72911395
1.125140643	8.423298331
18.57732217	27.19027526
11.3064133	24.31725375
27.24840605	31.59219356
5.020627578	14.47925626
22.2127766	28.32763396
14.05675709	21.38098608
4.610576322	16.06268177
11.67145893	22.91561379
6.06575822	19.1599309
14.34179272	22.39785946
17.48218527	23.8527491
20.7575947	31.86267298
7.525940743	17.91221672
6.675834479	15.67482791
3.985498187	18.66560717
8.776097012	18.28861304
4.235529441	17.6278251
5.440680085	14.99529643
6.810851356	18.83897102
10.03625453	29.08088049
3.435429429	13.22282158
9.641205151	19.10890028
8.731091386	19.15905372
6.920865108	16.29030254
12.09151144	24.52680203
10.47130891	21.84684684
29.74871859	38.16396845
10.87635954	22.11881327
4.645580698	14.43167856
0.915114389	8.257100899
];

KOKO_MS = [6.755844481	15.90683901
10.16627078	20.22281133
3.340417552	12.33211359
1.135141893	7.571389928
8.501062633	20.41188695
11.92149019	25.84691186
12.17652207	21.86482018
11.53144143	23.12522809
15.49193649	24.50673476
24.41305163	32.46445587
16.42205276	26.14040405
6.165770721	16.70502284
18.35229404	30.58544215
4.170521315	13.69144952
21.0176272	30.56056366
25.8832354	34.68778861
14.4168021	24.95070003
8.521065133	19.42922795
];
 

WTWT =[25.74821853
16.52706588
3.50543818
5.845730716
5.400675084
1.125140643
18.57732217
11.3064133
27.24840605
5.020627578
22.2127766
14.05675709
4.610576322
11.67145893
6.06575822
14.34179272
17.48218527
20.7575947
7.525940743
6.675834479
3.985498187
8.776097012
4.235529441
5.440680085
6.810851356
10.03625453
3.435429429
9.641205151
8.731091386
6.920865108
12.09151144
10.47130891
29.74871859
10.87635954
4.645580698
0.915114389];

KOKO = [6.755844481
10.16627078
3.340417552
1.135141893
8.501062633
11.92149019
12.17652207
11.53144143
15.49193649
24.41305163
16.42205276
6.165770721
18.35229404
4.170521315
21.0176272
25.8832354
14.4168021
8.521065133];